list(z= structure(.Data= c(1.10000E+00, 1.00000E+00, 1.00000E+00, 0.00000E+00, 0.00000E+00, 6.11000E-01, 5.53000E-01, 1.00000E+00, 0.00000E+00, 1.00000E+00, 5.00000E-01, 0.00000E+00, 1.65000E+00, 0.00000E+00, 1.00000E+00, 0.00000E+00, 1.00000E+00, 0.00000E+00, 1.23300E+00, 1.00000E+00, 0.00000E+00, 0.00000E+00, 0.00000E+00, 7.78000E-01, 9.07000E-01, 0.00000E+00, 0.00000E+00, 1.00000E+00, 8.00000E-02, 1.00000E+00, 1.25000E+00, 0.00000E+00, 0.00000E+00, 1.00000E+00, 0.00000E+00, 0.00000E+00, 1.23300E+00, 1.00000E+00, 0.00000E+00, 0.00000E+00, 0.00000E+00, 3.33000E-01, 5.27000E-01, 0.00000E+00, 0.00000E+00, 1.00000E+00, 2.90000E-01, 1.00000E+00, 1.80000E+00, 0.00000E+00, 0.00000E+00, 6.67000E-01, 0.00000E+00, 1.00000E+00, 2.33000E-01, 1.00000E+00, 0.00000E+00, 0.00000E+00, 1.00000E+00, 4.44000E-01, 6.67000E-01, 0.00000E+00, 0.00000E+00, 0.00000E+00, 8.70000E-01, 0.00000E+00, 2.25000E+00, 0.00000E+00, 1.00000E+00, 0.00000E+00, 0.00000E+00, 0.00000E+00, 3.67000E-01, 0.00000E+00, 0.00000E+00, 1.00000E+00, 0.00000E+00, 4.44000E-01, 3.60000E-01, 0.00000E+00, 0.00000E+00, 1.00000E+00, 7.20000E-01, 0.00000E+00, 1.20000E+00, 1.00000E+00, 0.00000E+00, 0.00000E+00, 0.00000E+00, 0.00000E+00, 8.67000E-01, 1.00000E+00, 0.00000E+00, 1.00000E+00, 0.00000E+00, 3.33000E-01, 5.73000E-01, 0.00000E+00, 0.00000E+00, 0.00000E+00, 7.80000E-01, 0.00000E+00, 9.00000E-01, 1.00000E+00, 0.00000E+00, 0.00000E+00, 0.00000E+00, 0.00000E+00, 1.06700E+00, 0.00000E+00, 0.00000E+00, 0.00000E+00, 0.00000E+00, 5.56000E-01, 7.87000E-01, 0.00000E+00, 0.00000E+00, 1.00000E+00, 6.00000E-01, 0.00000E+00, 2.30000E+00, 0.00000E+00, 1.00000E+00, 6.67000E-01, 0.00000E+00, 0.00000E+00, 9.00000E-01, 0.00000E+00, 0.00000E+00, 0.00000E+00, 0.00000E+00, 3.33000E-01, 1.36000E+00, 0.00000E+00, 0.00000E+00, 0.00000E+00, 6.30000E-01, 1.00000E+00, 8.00000E-01, 1.00000E+00, 0.00000E+00, 0.00000E+00, 0.00000E+00, 0.00000E+00, 1.10000E+00, 1.00000E+00, 0.00000E+00, 0.00000E+00, 0.00000E+00, 4.44000E-01, 6.93000E-01, 0.00000E+00, 0.00000E+00, 1.00000E+00, 4.70000E-01, 0.00000E+00, 1.20000E+00, 0.00000E+00, 0.00000E+00, 3.33000E-01, 0.00000E+00, 1.00000E+00, 7.67000E-01, 1.00000E+00, 0.00000E+00, 0.00000E+00, 0.00000E+00, 5.56000E-01, 3.53000E-01, 1.00000E+00, 0.00000E+00, 1.00000E+00, 5.50000E-01, 1.00000E+00, 2.05000E+00, 0.00000E+00, 1.00000E+00, 0.00000E+00, 0.00000E+00, 1.00000E+00, 9.00000E-01, 1.00000E+00, 0.00000E+00, 0.00000E+00, 0.00000E+00, 5.56000E-01, 2.80000E-01, 0.00000E+00, 0.00000E+00, 0.00000E+00, 4.80000E-01, 0.00000E+00, 7.00000E-01, 0.00000E+00, 0.00000E+00, 0.00000E+00, 1.00000E+00, 0.00000E+00, 8.67000E-01, 0.00000E+00, 0.00000E+00, 1.00000E+00, 0.00000E+00, 5.56000E-01, 9.60000E-01, 0.00000E+00, 0.00000E+00, 1.00000E+00, 5.30000E-01, 0.00000E+00, 1.15000E+00, 0.00000E+00, 0.00000E+00, 0.00000E+00, 0.00000E+00, 0.00000E+00, 8.67000E-01, 1.00000E+00, 0.00000E+00, 0.00000E+00, 1.00000E+00, 4.44000E-01, 7.07000E-01, 1.00000E+00, 0.00000E+00, 1.00000E+00, 4.20000E-01, 1.00000E+00, 8.00000E-01, 0.00000E+00, 0.00000E+00, 3.33000E-01, 1.00000E+00, 0.00000E+00, 4.67000E-01, 1.00000E+00, 0.00000E+00, 1.00000E+00, 0.00000E+00, 3.33000E-01, 7.53000E-01, 0.00000E+00, 0.00000E+00, 0.00000E+00, 7.30000E-01, 0.00000E+00, 5.00000E-01, 1.00000E+00, 0.00000E+00, 0.00000E+00, 0.00000E+00, 1.00000E+00, 7.33000E-01, 1.00000E+00, 0.00000E+00, 0.00000E+00, 1.00000E+00, 9.11000E-01, 3.27000E-01, 1.00000E+00, 0.00000E+00, 0.00000E+00, 6.20000E-01, 0.00000E+00, 7.50000E-01, 1.00000E+00, 0.00000E+00, 0.00000E+00, 0.00000E+00, 1.00000E+00, 9.00000E-01, 1.00000E+00, 0.00000E+00, 0.00000E+00, 1.00000E+00, 6.67000E-01, 1.20000E-01, 0.00000E+00, 0.00000E+00, 0.00000E+00, 7.40000E-01, 0.00000E+00, 1.30000E+00, 1.00000E+00, 0.00000E+00, 0.00000E+00, 0.00000E+00, 0.00000E+00, 6.00000E-01, 1.00000E+00, 0.00000E+00, 1.00000E+00, 0.00000E+00, 2.22000E-01, 5.27000E-01, 0.00000E+00, 0.00000E+00, 0.00000E+00, 6.80000E-01, 0.00000E+00, 1.00000E+00, 0.00000E+00, 1.00000E+00, 0.00000E+00, 0.00000E+00, 1.00000E+00, 8.00000E-01, 1.00000E+00, 0.00000E+00, 0.00000E+00, 0.00000E+00, 5.56000E-01, 5.93000E-01, 0.00000E+00, 0.00000E+00, 0.00000E+00, 6.00000E-01, 0.00000E+00, 1.10000E+00, 1.00000E+00, 0.00000E+00, 0.00000E+00, 0.00000E+00, 0.00000E+00, 6.00000E-01, 0.00000E+00, 0.00000E+00, 0.00000E+00, 1.00000E+00, 4.44000E-01, 8.33000E-01, 0.00000E+00, 0.00000E+00, 0.00000E+00, 3.90000E-01, 0.00000E+00, 6.00000E-01, 1.00000E+00, 0.00000E+00, 0.00000E+00, 0.00000E+00, 0.00000E+00, 6.33000E-01, 1.00000E+00, 0.00000E+00, 1.00000E+00, 0.00000E+00, 4.44000E-01, 7.73000E-01, 0.00000E+00, 0.00000E+00, 0.00000E+00, 7.10000E-01, 0.00000E+00, 8.00000E-01, 1.00000E+00, 0.00000E+00, 0.00000E+00, 0.00000E+00, 0.00000E+00, 1.13300E+00, 1.00000E+00, 1.00000E+00, 0.00000E+00, 0.00000E+00, 2.22000E-01, 4.07000E-01, 0.00000E+00, 0.00000E+00, 1.00000E+00, 4.40000E-01, 1.00000E+00, 1.40000E+00, 0.00000E+00, 0.00000E+00, 0.00000E+00, 0.00000E+00, 0.00000E+00, 9.33000E-01, 0.00000E+00, 1.00000E+00, 0.00000E+00, 0.00000E+00, 6.67000E-01, 8.87000E-01, 1.00000E+00, 0.00000E+00, 1.00000E+00, 6.20000E-01, 0.00000E+00, 1.00000E+00, 1.00000E+00, 0.00000E+00, 0.00000E+00, 0.00000E+00, 0.00000E+00, 9.33000E-01, 1.00000E+00, 0.00000E+00, 1.00000E+00, 0.00000E+00, 3.33000E-01, 8.93000E-01, 0.00000E+00, 0.00000E+00, 1.00000E+00, 6.00000E-01, 0.00000E+00, 1.40000E+00, 0.00000E+00, 0.00000E+00, 0.00000E+00, 0.00000E+00, 0.00000E+00, 9.33000E-01, 1.00000E+00, 0.00000E+00, 0.00000E+00, 1.00000E+00, 4.67000E-01, 4.93000E-01, 0.00000E+00, 0.00000E+00, 1.00000E+00, 7.30000E-01, 0.00000E+00, 2.10000E+00, 1.00000E+00, 0.00000E+00, 6.67000E-01, 0.00000E+00, 1.00000E+00, 1.00000E+00, 1.00000E+00, 0.00000E+00, 0.00000E+00, 0.00000E+00, 4.44000E-01, 3.73000E-01, 0.00000E+00, 0.00000E+00, 1.00000E+00, 3.20000E-01, 1.00000E+00, 1.70000E+00, 0.00000E+00, 0.00000E+00, 6.67000E-01, 0.00000E+00, 1.00000E+00, 6.67000E-01, 0.00000E+00, 0.00000E+00, 0.00000E+00, 1.00000E+00, 3.33000E-01, 4.60000E-01, 0.00000E+00, 0.00000E+00, 0.00000E+00, 5.80000E-01, 0.00000E+00, 1.30000E+00, 0.00000E+00, 0.00000E+00, 0.00000E+00, 0.00000E+00, 0.00000E+00, 9.33000E-01, 0.00000E+00, 0.00000E+00, 0.00000E+00, 1.00000E+00, 3.33000E-01, 1.26700E+00, 0.00000E+00, 0.00000E+00, 0.00000E+00, 7.20000E-01, 0.00000E+00, 5.00000E-01, 1.00000E+00, 0.00000E+00, 0.00000E+00, 0.00000E+00, 0.00000E+00, 1.20000E+00, 0.00000E+00, 1.00000E+00, 0.00000E+00, 0.00000E+00, 6.67000E-01, 5.07000E-01, 0.00000E+00, 0.00000E+00, 0.00000E+00, 1.40000E-01, 0.00000E+00, 1.80000E+00, 0.00000E+00, 1.00000E+00, 0.00000E+00, 0.00000E+00, 0.00000E+00, 4.33000E-01, 1.00000E+00, 0.00000E+00, 0.00000E+00, 0.00000E+00, 6.67000E-01, 6.47000E-01, 0.00000E+00, 0.00000E+00, 0.00000E+00, 7.10000E-01, 0.00000E+00, 1.25000E+00, 1.00000E+00, 0.00000E+00, 0.00000E+00, 0.00000E+00, 0.00000E+00, 3.33000E-01, 1.00000E+00, 0.00000E+00, 0.00000E+00, 0.00000E+00, 2.22000E-01, 1.13000E-01, 0.00000E+00, 0.00000E+00, 1.00000E+00, 1.40000E-01, 1.00000E+00, 1.50000E+00, 0.00000E+00, 0.00000E+00, 0.00000E+00, 0.00000E+00, 1.00000E+00, 1.30000E+00, 0.00000E+00, 1.00000E+00, 0.00000E+00, 0.00000E+00, 5.56000E-01, 5.93000E-01, 0.00000E+00, 0.00000E+00, 0.00000E+00, 5.10000E-01, 0.00000E+00, 1.40000E+00, 1.00000E+00, 0.00000E+00, 6.67000E-01, 0.00000E+00, 0.00000E+00, 1.00000E+00, 1.00000E+00, 0.00000E+00, 0.00000E+00, 0.00000E+00, 3.00000E-01, 5.33000E-01, 1.00000E+00, 0.00000E+00, 0.00000E+00, 6.00000E-01, 1.00000E+00, 1.20000E+00, 1.00000E+00, 0.00000E+00, 6.67000E-01, 0.00000E+00, 1.00000E+00, 1.13300E+00, 1.00000E+00, 0.00000E+00, 0.00000E+00, 1.00000E+00, 5.56000E-01, 1.23300E+00, 0.00000E+00, 0.00000E+00, 0.00000E+00, 5.80000E-01, 0.00000E+00, 5.00000E-01, 1.00000E+00, 0.00000E+00, 0.00000E+00, 0.00000E+00, 0.00000E+00, 9.67000E-01, 1.00000E+00, 0.00000E+00, 0.00000E+00, 0.00000E+00, 5.00000E-01, 5.60000E-01, 0.00000E+00, 0.00000E+00, 0.00000E+00, 6.10000E-01, 0.00000E+00, 7.50000E-01, 0.00000E+00, 0.00000E+00, 0.00000E+00, 0.00000E+00, 1.00000E+00, 4.67000E-01, 